100 0.311
200 0.296
300 0.291
400 0.287
500 0.283
600 0.280
700 0.276
800 0.272
900 0.268
1000 0.263
1100 0.249
1200 0.087
1300 0.073
1400 0.066
1500 0.061
1600 0.058
1700 0.055
1800 0.052
1900 0.050
2000 0.048
2100 0.046
2200 0.045
2300 0.043
2400 0.043
2500 0.041
2600 0.041
2700 0.040
2800 0.039
2900 0.038
3000 0.038
3100 0.037
3200 0.037
3300 0.036
3400 0.036
3500 0.036
3600 0.036
3700 0.035
3800 0.035
3900 0.035
4000 0.035
4100 0.034
4200 0.034
4300 0.034
4400 0.035
4500 0.034
4600 0.033
4700 0.035
4800 0.036
4900 0.035
5000 0.034
5100 0.035
5200 0.034
5300 0.033
5400 0.035
5500 0.035
5600 0.034
5700 0.035
5800 0.034
5900 0.036
6000 0.034
6100 0.035
6200 0.034
6300 0.035
6400 0.034
6500 0.036
6600 0.034
6700 0.036
6800 0.034
6900 0.036
7000 0.034
7100 0.033
7200 0.034
7300 0.036
7400 0.035
7500 0.037
7600 0.036
7700 0.035
7800 0.034
7900 0.035
8000 0.033
8100 0.036
8200 0.034
8300 0.034
8400 0.034
8500 0.034
8600 0.034
8700 0.034
8800 0.034
8900 0.033
9000 0.034
9100 0.034
9200 0.034
9300 0.034
9400 0.034
9500 0.032
9600 0.033
9700 0.032
9800 0.033
9900 0.033
10000 0.032
10100 0.033
10200 0.032
10300 0.032
10400 0.032
10500 0.032
10600 0.031
10700 0.031
10800 0.032
10900 0.031
11000 0.031
11100 0.030
11200 0.031
11300 0.031
11400 0.031
11500 0.029
11600 0.029
11700 0.030
11800 0.030
11900 0.030
12000 0.030
12100 0.029
12200 0.031
12300 0.030
12400 0.028
12500 0.029
12600 0.030
12700 0.028
12800 0.028
12900 0.028
13000 0.030
13100 0.028
13200 0.028
13300 0.027
13400 0.028
13500 0.027
13600 0.027
13700 0.027
13800 0.027
13900 0.026
14000 0.026
14100 0.027
14200 0.025
14300 0.026
14400 0.026
14500 0.027
14600 0.026
14700 0.026
14800 0.026
14900 0.025
15000 0.026
15100 0.025
15200 0.025
15300 0.025
15400 0.026
15500 0.025
15600 0.025
15700 0.026
15800 0.025
15900 0.026
16000 0.025
16100 0.025
16200 0.024
16300 0.025
16400 0.025
16500 0.025
16600 0.025
16700 0.024
16800 0.024
16900 0.024
17000 0.024
17100 0.024
17200 0.024
17300 0.024
17400 0.024
17500 0.024
17600 0.023
17700 0.023
17800 0.024
17900 0.024
18000 0.023
18100 0.023
18200 0.023
18300 0.023
18400 0.023
18500 0.023
18600 0.023
18700 0.023
18800 0.022
18900 0.022
19000 0.022
19100 0.023
19200 0.022
19300 0.021
19400 0.022
19500 0.022
19600 0.022
19700 0.022
19800 0.022
19900 0.021
20000 0.022
20100 0.022
20200 0.022
20300 0.021
20400 0.022
20500 0.022
20600 0.021
20700 0.022
20800 0.021
20900 0.021
21000 0.021
21100 0.022
21200 0.022
21300 0.021
21400 0.022
21500 0.021
21600 0.021
21700 0.021
21800 0.021
21900 0.021
22000 0.021
22100 0.021
22200 0.021
22300 0.021
22400 0.021
22500 0.021
22600 0.022
22700 0.021
22800 0.020
22900 0.020
23000 0.020
23100 0.021
23200 0.021
23300 0.021
23400 0.021
23500 0.020
23600 0.020
