100 0.086961
200 0.083617
300 0.084332
400 0.085350
500 0.092876
600 0.086832
700 0.084034
800 0.083022
900 0.082499
1000 0.080652
1100 0.080104
1200 0.084357
1300 0.081619
1400 0.082184
1500 0.081159
1600 0.079819
1700 0.074985
1800 0.074514
1900 0.075198
2000 0.074316
2100 0.072898
2200 0.071599
2300 0.072581
2400 0.071957
2500 0.070205
2600 0.071494
2700 0.070852
2800 0.068552
2900 0.069707
3000 0.069803
3100 0.069396
3200 0.068267
3300 0.067690
3400 0.067566
3500 0.067332
3600 0.067524
3700 0.067561
3800 0.066519
3900 0.066647
4000 0.066858
4100 0.066532
4200 0.066931
4300 0.064733
4400 0.065690
4500 0.065420
4600 0.065313
4700 0.065034
4800 0.063644
4900 0.064547
5000 0.064050
5100 0.063920
5200 0.062095
5300 0.062665
5400 0.062728
5500 0.063045
5600 0.062724
5700 0.062550
5800 0.062975
5900 0.062799
6000 0.062440
6100 0.062264
6200 0.061690
6300 0.062234
6400 0.060433
6500 0.061277
6600 0.061346
6700 0.061639
6800 0.060711
6900 0.060913
7000 0.059045
7100 0.060382
7200 0.060572
7300 0.060014
7400 0.059801
7500 0.059425
7600 0.059951
7700 0.058930
7800 0.059794
7900 0.059552
8000 0.059557
8100 0.059627
8200 0.059026
8300 0.059413
8400 0.059352
8500 0.058818
8600 0.058325
8700 0.058463
8800 0.058333
8900 0.058225
9000 0.057771
9100 0.058305
9200 0.056443
9300 0.057194
9400 0.056792
9500 0.057934
9600 0.057582
9700 0.057594
9800 0.057301
9900 0.057551
10000 0.056675
10100 0.056442
10200 0.057077
10300 0.055377
10400 0.057238
10500 0.057316
10600 0.056537
10700 0.056745
10800 0.055349
10900 0.056148
11000 0.056798
11100 0.055494
11200 0.056158
11300 0.056034
11400 0.056210
11500 0.055561
11600 0.056382
11700 0.054779
11800 0.055662
11900 0.055614
12000 0.055380
12100 0.055605
12200 0.054892
12300 0.055081
12400 0.054294
12500 0.055169
12600 0.055183
12700 0.054773
12800 0.055186
12900 0.055022
13000 0.054535
13100 0.054821
13200 0.054470
13300 0.054801
13400 0.054858
13500 0.054574
13600 0.054292
13700 0.054246
13800 0.054157
13900 0.053811
14000 0.054280
14100 0.052994
14200 0.053721
14300 0.053460
14400 0.053834
14500 0.053806
14600 0.054113
14700 0.053782
14800 0.052830
14900 0.053455
15000 0.053671
15100 0.053470
15200 0.053236
15300 0.053933
15400 0.052930
15500 0.053018
15600 0.052270
15700 0.053101
15800 0.052931
15900 0.052937
16000 0.052787
16100 0.053004
16186 0.049597
