100 0.062853
200 0.038992
300 0.028956
400 0.039149
500 0.039345
600 0.049004
700 0.038788
800 0.051069
900 0.032961
1000 0.024678
1100 0.021550
1200 0.021412
1300 0.022113
1400 0.021137
1500 0.020909
1600 0.023527
1700 0.023912
1800 0.023412
1900 0.021736
2000 0.023042
2100 0.024449
2200 0.026326
2300 0.024880
2400 0.028512
2500 0.029341
2600 0.030315
2700 0.029669
2800 0.028152
2900 0.027607
3000 0.027128
3100 0.033906
3200 0.033586
3300 0.036224
3400 0.033950
3500 0.043258
3600 0.047998
3700 0.040056
3800 0.038373
3900 0.036441
4000 0.034182
4100 0.031579
4200 0.026699
4300 0.023098
4400 0.019794
4500 0.015644
4600 0.014764
4700 0.012388
4800 0.008644
4900 0.008604
5000 0.006440
5100 0.005688
5200 0.005463
5300 0.004905
5400 0.004813
